9.485905442497346574e-01
9.480229910685352701e-01
9.484368622534783411e-01
9.488499777065299012e-01
9.497397709502369834e-01
9.530330281771696166e-01
9.554108915169797767e-01
9.564588387690534654e-01
9.568254713772329501e-01
9.570728649763864393e-01
9.573723416485686588e-01
9.575638799022213599e-01
9.576876290040819972e-01
9.578989148589029945e-01
9.580353473838159051e-01
9.581788179847267051e-01
9.582525232585969999e-01
9.583909199561844172e-01
9.584712470116509841e-01
9.585699664516075247e-01
9.585235185473052200e-01
9.587317433598545602e-01
9.588353754264175022e-01
9.589074775078305635e-01
9.589595514701498846e-01
9.590385635617997284e-01
9.590834557724500220e-01
9.591702418673554442e-01
9.592031149422977077e-01
9.592216946716430881e-01
9.592607143297716688e-01
9.593415215043772371e-01
9.593898838094424564e-01
9.593655383236621148e-01
9.594330432353340710e-01
9.596483549087835296e-01
9.595606536513756613e-01
9.595848936092605808e-01
9.595305279209750404e-01
9.597580493182438222e-01
9.596630896625147900e-01
9.596261068444232878e-01
9.597084001430938871e-01
9.597147452869229101e-01
9.599796322917808489e-01
9.598933615151051812e-01
9.599920804569894717e-01
9.598192218822112487e-01
9.598960153407382068e-01
9.598826417614029216e-01
9.598508499616597023e-01
9.599398539206503989e-01
9.598734040217316021e-01
9.602496704093933522e-01
9.601094914228412991e-01
9.598180280685805199e-01
9.600938624842804137e-01
9.600184761728427496e-01
9.596217291969918461e-01
9.600657105324070795e-01
9.601460864126265538e-01
9.600397151177377797e-01
9.601257457348020274e-01
9.601957119378050631e-01
9.602602701438404109e-01
9.602120592558215373e-01
9.601849346853297273e-01
9.602563934157537506e-01
9.600082338151028072e-01
9.603844333029081248e-01
9.601021318326297127e-01
9.600272413236503599e-01
9.602565318004963046e-01
9.603233750180194539e-01
9.602457460624655994e-01
9.605060372958533765e-01
9.603085870341766528e-01
9.603719140831411538e-01
9.601542466997170511e-01
9.600329601702725091e-01
9.599461397745431279e-01
9.600573372294213259e-01
9.597361259636303377e-01
9.598555046036811866e-01
9.594516574669129660e-01
9.595291175396029049e-01
9.594915608049676692e-01
9.593049795862531592e-01
9.593294428245587868e-01
9.594585605485896895e-01
9.594337814204476622e-01
9.593422946247133209e-01
9.594211082465272655e-01
9.593475483470261800e-01
9.595955197332435294e-01
9.595343947940855323e-01
9.594793974465907205e-01
9.597070148120147026e-01
9.593239771625307055e-01
9.593890878140729495e-01
9.595609904102085919e-01
9.595027849227933947e-01
9.593385366383860857e-01
9.593505755634396115e-01
9.593642690687664842e-01
9.594538896609586809e-01
9.593577526807665068e-01
9.595471871539754671e-01
9.592814042508660544e-01
9.595321699324061981e-01
9.594960365618763198e-01
9.595567155091833111e-01
9.594798106721179609e-01
9.594052545560858292e-01
9.598672137967617646e-01
9.595053945742582080e-01
9.595951226204858520e-01
9.601212398046675700e-01
9.596386235482362581e-01
9.596018099966552306e-01
9.595895697604804875e-01
9.596829976075906821e-01
9.595619090374675197e-01
9.596916696934240099e-01
9.599367177418492991e-01
9.595697808242935611e-01
9.597523031292134466e-01
9.596978643390008390e-01
9.597573639506919996e-01
9.598327318142182429e-01
9.598578037475450353e-01
9.597504828211587125e-01
9.596696753279991832e-01
9.598781131840957714e-01
9.596212017835481500e-01
9.594819925091085944e-01
9.596507620721913545e-01
9.596528908933055213e-01
9.596304184523168912e-01
9.597334744046318589e-01
9.596114333840254362e-01
9.597431451342719466e-01
9.595750793160143788e-01
9.597431397018041377e-01
9.598903196787587078e-01
9.597910955259376653e-01
9.597893529018812764e-01
9.597212910520812601e-01
9.600069551349622587e-01
9.597738617990557719e-01
9.598593162869036854e-01
9.598351135319600491e-01
9.597943150991247174e-01
9.598860804420772386e-01
9.597011063778357887e-01
9.598035358295766706e-01
9.595736135153977164e-01
9.595144026819369953e-01
9.598839051523934129e-01
9.598047602990512628e-01
9.597355186783264047e-01
9.595334709223223291e-01
9.598772194645618372e-01
9.596442102155681164e-01
9.599235261976505340e-01
9.597330354517198403e-01
9.597844000813289256e-01
9.600213933304263536e-01
9.600037734511681631e-01
9.596969099368350964e-01
9.596226777738980918e-01
9.597815625910158799e-01
9.601595923636152552e-01
9.598723519730087972e-01
9.600338722280129522e-01
9.599367626260009168e-01
9.594970549451820041e-01
9.600457614068554912e-01
9.602775611724356786e-01
9.600054707758556294e-01
9.603047549212165857e-01
9.602729438872452672e-01
9.602530973499094902e-01
9.602018711975391918e-01
9.603300876653304563e-01
9.602153997235391980e-01
9.602179494361224865e-01
9.599725318692372555e-01
9.602633885304439065e-01
9.604497327350696168e-01
9.602351211302961875e-01
9.598543684138521881e-01
9.601806957818477262e-01
9.602997197808509355e-01
9.601011337469498308e-01
9.599331270930617777e-01
9.600611993270223854e-01
9.601274364096754610e-01
9.602875727176750642e-01
9.600730065298402893e-01
9.602897186117445028e-01
9.596528870765823616e-01
9.601085494027472578e-01
9.595223301646037539e-01
9.601157316734518776e-01
9.598690895402667289e-01
9.594365797405191021e-01
9.593675597197239835e-01
9.597519933032185868e-01
9.595815357608163954e-01
9.598485862281811443e-01
9.597190567859881227e-01
9.593209243828842991e-01
9.594553838303311322e-01
9.597418488197353437e-01
9.596249860621207661e-01
9.596513263559672824e-01
9.596055075206709750e-01
9.596659055258209836e-01
9.596509955093415201e-01
9.595211256789574206e-01
9.595019516274814197e-01
9.593776910618133646e-01
9.594092947059861265e-01
9.593121458290952974e-01
9.594629116777677602e-01
9.594831315339086286e-01
9.593479273711240651e-01
9.592442060573419527e-01
9.591511286609687437e-01
9.593789451537042545e-01
9.589496783902515809e-01
9.592302465251253407e-01
9.591695797424248937e-01
