9.461516569437066204e-01
9.461167583627965172e-01
9.460334186255138222e-01
9.459565610164292204e-01
9.457959201158057105e-01
9.476446211396633013e-01
9.476067035838916519e-01
9.475850016950980725e-01
9.475456525570791211e-01
9.475252303101552309e-01
9.474949895383059095e-01
9.474756178414102115e-01
9.474151259588015073e-01
9.473728266043681678e-01
9.473268874927731620e-01
9.472805694424168976e-01
9.472322434559534710e-01
9.471584679054638745e-01
9.470890243757049687e-01
9.470320530109970214e-01
9.469315167480787387e-01
9.468354214852944262e-01
9.467432623867011454e-01
9.466564591187752731e-01
9.465158039395037415e-01
9.463711667846723685e-01
9.462314669194391570e-01
9.460881614669617301e-01
9.459003610629792558e-01
9.456976744653328160e-01
9.454628298537808284e-01
9.452296544920603116e-01
9.449220338110055906e-01
9.446065834053688492e-01
9.450745136306720751e-01
9.448386141346859501e-01
9.445678314372357720e-01
9.443110301225888792e-01
9.439741857042552864e-01
9.436070216249755616e-01
9.431572580665129601e-01
9.426956213289907627e-01
9.421736018917674649e-01
9.417020425720614707e-01
9.409734645541510956e-01
9.402162124017505729e-01
9.393743114136366978e-01
9.380092407259250642e-01
9.372008224516654717e-01
9.364300164394186998e-01
9.351162845806464397e-01
9.340444618146811484e-01
9.329455184649009247e-01
9.322589288279331532e-01
9.311896938651126332e-01
9.297967748923200437e-01
9.289532858862560305e-01
9.278584006921970495e-01
9.266233330021821368e-01
9.259111140600262413e-01
9.250781213741686715e-01
9.235273950388503961e-01
9.228681505761207049e-01
9.218508250035042373e-01
9.210794961937952552e-01
9.198728836144430820e-01
9.186775921099212816e-01
9.173817701671329594e-01
9.163050341232783502e-01
9.154717928293869544e-01
9.144542187668451838e-01
9.129807053484395585e-01
9.120451235337108109e-01
9.109721090334768068e-01
9.100671290241064693e-01
9.086349902996440075e-01
9.077992827784745478e-01
9.066021542712473513e-01
9.052040182693548154e-01
9.047336233446721110e-01
9.035970762028711079e-01
9.018769561301156479e-01
9.011171141634127801e-01
8.998698917642879991e-01
8.992327048706196813e-01
8.976439782618264029e-01
8.949488563872314284e-01
8.920196484565106054e-01
8.888822682093707739e-01
8.874420310525048539e-01
8.865828559938510045e-01
8.856595084913649885e-01
8.842898783660626538e-01
8.830111176564482411e-01
8.820351548154933274e-01
8.804709458949072642e-01
8.794716584999977549e-01
8.785206428405090140e-01
8.778537556495116245e-01
8.760787017811977329e-01
8.758696386691600111e-01
8.745326829608139896e-01
8.724979680723914388e-01
8.724971973302994011e-01
8.708291681825166552e-01
8.690272549409723268e-01
8.665472766611392874e-01
8.635956396320472184e-01
8.641757477150581179e-01
8.634042562298996915e-01
8.613315173039025607e-01
8.610121406598524318e-01
8.597179898059017500e-01
8.583615831791677753e-01
8.575920619813586221e-01
8.553115781573381593e-01
8.546172145317675328e-01
8.533395520115313326e-01
8.522896687403738181e-01
8.515782379157055271e-01
8.503499622940569047e-01
8.489067725157785071e-01
8.481847117550848081e-01
8.468388315591497406e-01
8.466733532155547026e-01
8.455263326346632580e-01
8.443301772122902005e-01
8.423475331000499500e-01
8.413927636438838231e-01
8.359631127914014526e-01
8.319762788062439185e-01
8.282617730509344023e-01
8.243449823286909117e-01
8.200320477782497841e-01
8.178996656237531582e-01
8.188285312569658636e-01
8.179605102621031465e-01
8.158433259902181378e-01
8.149951340322371118e-01
8.125811673564461435e-01
8.144125475109709189e-01
8.127429863366012475e-01
8.125891646973940619e-01
8.106711252033754755e-01
8.097254710189274451e-01
8.087219747104147372e-01
8.088938694732276113e-01
8.066440031046923087e-01
8.064602573983932210e-01
8.045959853668032125e-01
8.022308759095809760e-01
7.970585291857326116e-01
8.015635840829750114e-01
8.001170987241619237e-01
7.983746495358642337e-01
7.980691988127475156e-01
7.966213980206064971e-01
7.956622570069504796e-01
7.947182303982163187e-01
7.933090730844232219e-01
7.927615275619063206e-01
7.910160522353667512e-01
7.902851673037072366e-01
7.894291509648854177e-01
7.879456181323922781e-01
7.881548875463227910e-01
7.874448291086271201e-01
7.854449788303519142e-01
7.854274611254186134e-01
7.842353321914236064e-01
7.826166010289594688e-01
7.805777535063321837e-01
7.793976537274481808e-01
7.826320394993877549e-01
7.813535580729863428e-01
7.814191853185347147e-01
7.802124702631364483e-01
7.783223708632197591e-01
7.775145810308256022e-01
7.768693299878929315e-01
7.765464692584083117e-01
7.746144629223674638e-01
7.743752976727811266e-01
7.730311633906181701e-01
7.714085009818664185e-01
7.699359024846027522e-01
7.705659364186240312e-01
7.697861558628182888e-01
7.678698679449174058e-01
7.667468796537570963e-01
7.661696548441220278e-01
7.641803930729035299e-01
7.642294916649647885e-01
7.616550042720294789e-01
7.689044949768091275e-01
7.656315468389450762e-01
7.654653855450342936e-01
7.651270247597916629e-01
7.641905537848489027e-01
7.636125495063902369e-01
7.620733507751581426e-01
7.600844302503935168e-01
7.591758566188483437e-01
7.590717309466930018e-01
7.579273882311021726e-01
7.562487521688415759e-01
7.570848404529122444e-01
7.552762399132971760e-01
7.557935555277822681e-01
7.538084591768942078e-01
7.537921911951936949e-01
7.530912043766895270e-01
7.516675953256816145e-01
7.504707569585221671e-01
7.498995133026572502e-01
7.498363308204655242e-01
7.492814671572989305e-01
7.471964542446054569e-01
7.482515977178120226e-01
7.465102670095079551e-01
7.452951859384530087e-01
7.459612489717604156e-01
7.449883483006394247e-01
7.446609823514130921e-01
7.432508613606131354e-01
7.432799730226806734e-01
7.395472877188850047e-01
7.383621007186402796e-01
7.377437107139079853e-01
7.350574237321715332e-01
7.302224751952557380e-01
7.270850600849885215e-01
7.231834987083668453e-01
7.194883302419925464e-01
7.150464400212011018e-01
7.118361587395154455e-01
7.140899814830984349e-01
7.170526380995079219e-01
7.161918149074091300e-01
7.151939232333167640e-01
7.135320099467630239e-01
7.137052594517708792e-01
7.153438201027287890e-01
7.143571134349684382e-01
7.106252348994764878e-01
7.157988060444023803e-01
7.150167797855759844e-01
7.146293643848046218e-01
7.125268014563035379e-01
7.127180681438063381e-01
7.100697715156224499e-01
7.102855148429952914e-01
7.089200074564990794e-01
7.084680122897185628e-01
7.064728684007851589e-01
7.064884373498535597e-01
7.046594062532307579e-01
7.042206615059185548e-01
7.030439535877694990e-01
7.019035422783846956e-01
6.997881622045852845e-01
7.004188145979303171e-01
6.985302025138374615e-01
6.982622859461711240e-01
6.963866551617338141e-01
6.953246072885314044e-01
6.939986085881530986e-01
6.946763754673631608e-01
6.942357128981930803e-01
6.921747188595164246e-01
6.909760040661783176e-01
6.922124075512828822e-01
6.884788334988133363e-01
6.884703261129822005e-01
6.883198631311971960e-01
6.862734397832389588e-01
6.833100417107910163e-01
6.815610539190094519e-01
6.813014738388991631e-01
6.790613251538012429e-01
6.985043190085138409e-01
6.966009137251367722e-01
6.967167076085896138e-01
6.956819982869527630e-01
6.943620314710352570e-01
6.906986981475907728e-01
6.880875189589128471e-01
6.860651634216140549e-01
6.847644750398247382e-01
6.823569418715097479e-01
6.821083447984999104e-01
6.784411339521057016e-01
6.810695800439972025e-01
6.783144079654254144e-01
6.786365331854598004e-01
6.806792318640962902e-01
6.798134659949789382e-01
6.779168230695836739e-01
6.785351253367966073e-01
6.792877343725529649e-01
6.802687753647916891e-01
6.779593388508289298e-01
6.784704418093906453e-01
6.783079272044443275e-01
6.786536123349548033e-01
6.782275113875193551e-01
6.799002715748011516e-01
6.778863058456192636e-01
6.773037196717665021e-01
6.796428231825268895e-01
6.790301793078905579e-01
6.625563524285986716e-01
6.617553473289671251e-01
6.621702777823785802e-01
6.631268893581677704e-01
6.638983872898075456e-01
6.635198888702155129e-01
6.646350807544935124e-01
6.648065985946897127e-01
6.664884820313744518e-01
6.657575494677007155e-01
6.674682865287311362e-01
6.669185120036791314e-01
6.661440713604721564e-01
6.663558902391987226e-01
6.657970541320918922e-01
6.648799989753064743e-01
6.648716762375785905e-01
6.660363222546388240e-01
6.675038478492586469e-01
6.658658482313802862e-01
6.656935166796427161e-01
6.660571972824951281e-01
6.644649409076471835e-01
6.676338310159308786e-01
6.678330179379454723e-01
6.682093197788508965e-01
6.685324403180921138e-01
6.682702075201419900e-01
6.680425452618530269e-01
6.689766525573956901e-01
6.699914052688286104e-01
6.686408176712019813e-01
6.702983604393438766e-01
6.708938043646097693e-01
6.682858031074296878e-01
6.700170966636426195e-01
6.703527050716320268e-01
6.699865221152415673e-01
6.710031889444568742e-01
6.691440012154514783e-01
6.713756555847227858e-01
6.692516692683235791e-01
6.701141655339666325e-01
6.695251637870216488e-01
6.692982232325604963e-01
6.707061067747790428e-01
6.699942474881438459e-01
6.690971831824141791e-01
6.696911106018728077e-01
6.716468844730638654e-01
6.581735749324757467e-01
6.630262032326426080e-01
6.635669509326156401e-01
